0 85 1.5590353999627766
0 70 0.48569725150568827
0 53 0.10926908027792634
0 75 -1.047800356847575
0 92 -1.1062013748988175
85 1 1.5770706006236903
85 2 1.5561816986044759
85 3 1.5540074984815706
85 4 1.9221634241379362
85 5 1.9456483771748334
85 6 1.5847073140458994
85 7 -0.6914389210658061
85 8 1.8796464529101498
85 9 1.684850950977489
85 10 1.617194340096979
85 11 1.9689858548716406
85 13 1.5822455959855868
85 14 1.698300876128644
85 15 1.9859546749120562
85 16 1.5989273260873993
85 17 1.5632242510566778
85 18 1.9046510554993632
85 19 1.722347460464071
85 20 1.9123733902721765
85 21 1.5945722350846994
85 22 1.46134009366753
85 23 1.9775691582139505
85 25 1.569080508421214
85 26 1.8758389638958786
85 27 1.838661791453936
85 28 1.590108993564398
85 29 1.6025110701669913
85 30 -1.1805926182056512
85 31 1.5695461245263478
85 32 1.6318741971121251
85 33 1.5616075273118875
85 34 1.547867478958202
85 35 1.9887949056726784
85 36 1.9948547492291604
85 37 1.8384742256029436
85 38 1.6473605952715655
85 39 1.6235868419072166
85 40 1.9860082692972503
85 41 1.9251819163065504
85 42 1.5965091260765767
85 43 -1.1354136520169604
85 44 1.6746866649293979
85 45 1.5835107541717945
85 46 1.55313573029486
85 47 1.625084130231866
85 49 1.6120841276956208
85 50 1.5745244667320626
85 51 1.8712379643508792
85 52 1.5840880190542428
85 55 1.5958154505941997
85 56 -0.837625492779849
85 57 1.708115379362216
85 58 1.7466967126471162
85 59 1.909357935163052
85 61 1.5731654588714088
85 62 1.8716512323378744
85 63 1.8165455936964943
85 65 1.5679860885244477
85 66 1.6136283953906931
85 67 1.7758082750184179
85 68 1.7604472132398392
85 69 1.9623113696617227
85 71 1.6102847058695993
85 72 1.579647484104266
85 74 -0.4033864918818094
85 76 0.02007751545530484
85 77 1.5825689892530785
85 78 1.7049480542841593
85 79 1.5929754260107156
85 80 1.742697931286601
85 81 1.558761246690673
85 82 1.7660153747806286
85 83 1.9405160691222567
85 84 1.8261687510231286
85 86 1.60884892126634
85 87 1.6119839334135992
85 88 1.575743243729258
85 89 1.564065941769769
85 90 1.6137298769302086
85 93 1.676783765962789
85 94 1.8562924668110612
85 95 1.5425835374590897
85 96 1.622649635408112
85 97 1.6105966329588082
85 98 1.5698389476781
85 99 1.6512092068780373
70 1 0.5364447172218146
70 2 0.5902447183322023
70 3 0.5930160810076572
70 4 0.05310776508384801
70 5 -0.06326690270098316
70 6 0.4814912073399211
70 7 -0.46908369393679983
70 8 0.17009777757237893
70 9 0.4231462081467479
70 10 0.4365574792126969
70 13 0.5325441382797784
70 14 0.3977609326136433
70 15 -0.3774970014742823
70 16 0.4621626219234809
70 17 0.5520288456338251
70 18 0.11163851745950876
70 19 0.3767819406664595
70 20 1.9777298480854533
70 21 0.4737240723873905
70 23 -0.21605168736757666
70 25 0.44835096582957285
70 26 0.18483428440838154
70 27 0.30166104378582115
70 28 0.48217977299929765
70 29 0.5021809509864956
70 31 0.5689194142305329
70 32 0.4318000805410677
70 33 0.5214383020428879
70 34 0.6068309043893138
70 35 -0.5201743902893956
70 36 -0.4243165581812234
70 38 0.4546409038575778
70 39 0.4295522059494589
70 40 -0.5561397316877706
70 41 0.029959615148227144
70 42 0.45232746426807247
70 44 0.4572502019045157
70 45 0.47080394947210025
70 46 0.6015957819664303
70 47 0.45108033527961683
70 49 0.4834286359126122
70 50 0.5426026729574848
70 51 0.15646526634332075
70 52 0.44360550182033004
70 55 0.5634674931599702
70 56 0.45629379735708175
70 57 0.38219225454242395
70 58 0.3523940877799285
70 59 0.09665328783898938
70 61 0.5120135072186753
70 62 0.19514129436841582
70 63 0.27595293262449594
70 65 0.5457943702166064
70 66 0.4430739830935776
70 67 0.36744730179632035
70 68 0.3960875045620571
70 69 -0.12744946417599498
70 76 0.4511189386704272
70 74 0.4349454343426357
70 77 0.5312323779657752
70 71 0.460050621394569
70 72 0.5171450907769618
70 78 0.40448561704453884
70 79 0.4767469998461987
70 80 0.35533050127874066
70 81 0.5784524940207603
70 82 0.3810359162655864
70 83 -0.026941382649683362
70 84 0.23911946369795006
70 86 0.49800775858157853
70 87 0.443415198031452
70 88 0.5394737054031346
70 89 0.5472795627095284
70 90 0.4752100270317362
70 93 0.40901970524734826
70 94 0.21149526831339535
70 95 0.586502411168228
70 96 0.4285855173276562
70 97 0.3177676412504996
70 98 0.5738862746191932
70 99 0.4832843152033727
53 1 -0.004082972008722992
53 2 -0.03520416096010324
53 3 -0.03411124344972442
53 4 -0.6655393407442424
53 6 0.05683581063804958
53 7 -0.10458753386678762
53 8 -0.5276687008299262
53 9 -0.12485102090168468
53 10 0.04027448917248622
53 13 -0.011114482973538127
53 14 -0.12542545467455554
53 16 0.049530752095922004
53 17 0.006795924082927188
53 19 -0.16972831173519543
53 20 1.3871766322887393
53 21 0.043978774037715024
53 23 -0.5767901924142625
53 25 0.13457003289958352
53 26 -0.5417755632666255
53 27 -0.684268219465065
53 28 0.04292329409158033
53 29 -0.01697226131280434
53 31 -0.035332243990141274
53 32 0.010178032127740067
53 33 0.05537259048059188
53 34 -0.0413072773865223
53 38 -0.0653937656414212
53 39 0.034010857211975574
53 41 -0.7498450825678705
53 42 0.06855582947592989
53 44 -0.15011444175931438
53 45 0.07416931835011964
53 46 -0.04583802097014302
53 47 0.00016651696506869753
53 49 -0.013602422648693421
53 50 -0.007040848352140198
53 51 -0.4136626742300131
53 52 0.10868653654978382
53 76 0.06679998679747642
53 74 0.055005089969273814
53 56 0.03969340173844788
53 55 -0.0970364692100334
53 57 -0.13129890419851836
53 58 -0.21407669124665352
53 59 -0.620564822543055
53 61 0.041264706481063076
53 62 -0.5373204526366518
53 63 -0.3677595061057502
53 65 0.004469253681197693
53 66 0.03952514496322272
53 67 -0.3679685400969995
53 68 -0.35995737898216246
53 71 0.02473297778528816
53 72 0.018293672436737247
53 77 -0.009970909872368261
53 78 -0.15815552277483919
53 79 0.04353636865369263
53 80 -0.20376761901332777
53 81 -0.022939624397557427
53 82 -0.3535350220327656
53 84 -0.33663970430928125
53 86 -0.02703121200287134
53 87 0.04362229542122396
53 88 -0.005253618603801929
53 89 0.01181450011087634
53 90 -0.005721965494261723
53 93 -0.07911308497751326
53 94 -0.4523413441191078
53 95 0.004652340356520947
53 96 0.03770852999863851
53 97 0.19989574023585857
53 98 -0.04414952244644623
53 99 -0.12430141929945383
75 2 -1.0511026140914108
75 6 -1.0623074877388603
75 7 -0.4157971265634594
75 10 -1.602974799553928
75 13 -1.056700833816908
75 16 -1.058770951515706
75 20 1.4248818080674845
75 21 -1.0478385110462025
75 25 -1.0353594421483885
75 28 -1.0488706096302602
75 29 -1.0537998746349138
75 31 -1.0549183523470007
75 32 -1.036898636466047
75 33 -1.0699949844899792
75 34 -1.0349556528079658
75 39 -1.0336611332055494
75 42 -1.0491242740805329
75 45 -1.056687910874818
75 46 -1.0586249887039478
75 52 -1.0663640308882745
75 56 -1.0516644486883997
75 61 -1.048930490483946
75 66 -1.0231969503237748
75 71 -1.0416489934189694
75 72 -1.0490223901127558
75 74 0.4565439913777171
75 76 -1.046192531774042
75 77 -1.0595584996443628
75 79 -1.0440833106170704
75 81 -1.052021290786142
75 86 -1.0363248263214144
75 87 -1.044907416165637
75 89 -1.0699174202936974
75 90 -1.0493576480056588
75 95 -1.0646595692583316
75 96 -1.0390947141480908
75 97 -1.051911976114197
75 98 -1.03973841903902
92 1 -1.0648725630639797
92 2 -1.060119641885162
92 10 -1.5487362417627002
92 13 -1.046974417474919
92 17 -1.0600532664421145
92 20 1.462904744890929
92 21 -1.0644365704635994
92 28 -1.0663414510250158
92 31 -1.0482149424197411
92 34 -1.0784354531530285
92 39 -1.0534887718631039
92 42 -1.0682681457400496
92 50 -1.0643541867210955
92 52 -1.07001602653608
92 61 -1.077513182087199
92 65 -1.0620604410521557
92 66 -1.0730305731237164
92 71 -1.0534193116304869
92 72 -1.0660638572052092
92 74 0.5128363372688456
92 76 0.017969052278941206
92 79 -1.0691754838935354
92 81 -1.062252825527737
92 86 -1.0435006415236328
92 88 -1.0557308061472421
92 90 -1.0338602904620262
92 7 -0.44497389267598964
92 96 -1.0498489685863133
92 97 -1.0763480383309694
92 98 -1.0598372808118275
1 73 -1.044559782772803
73 6 -1.0607268442850126
73 7 -0.2816578447754283
73 16 -1.0518497485910963
73 17 -1.0619957543313143
73 29 -1.0339198852057696
73 32 -1.0369536733148903
73 33 -1.068423435345388
73 45 -1.0717961111191987
73 50 -1.0457321046163135
73 56 -1.0506631043818249
73 65 -1.056189271370096
73 20 1.4981265681239981
73 74 0.5120427405466045
73 76 -0.18594093194599112
73 77 -1.0442719577021211
73 87 -1.0541140107006381
73 88 -1.0542325243813475
73 89 -1.0532425842964772
73 95 -1.0690787197255063
3 20 -1.0525977029280047
3 76 -1.0603146331114988
20 4 -0.6850815216814734
20 5 -0.5932779317861556
20 8 -0.7855810053220229
20 9 -0.9815112768362227
20 11 -0.2436506313100919
20 12 1.1948075714201571
20 14 -0.9774121679268178
20 15 -0.35480668435308826
20 18 -0.6398569044296154
20 19 -0.9377504710785316
20 22 0.7455689956666144
20 23 -0.5288592902676413
20 24 1.4147006745643054
20 26 -0.762499996240831
20 27 -0.7228837157491703
20 30 1.7126082291574893
20 35 -0.2980193784761915
20 36 -0.4659000167660612
20 37 0.17258513827381325
20 38 -0.9923920639281932
20 40 -0.4030225166105308
20 41 -0.6481432675003379
20 43 1.783339031540499
20 44 -0.989811376882969
20 47 -1.0330225996077083
20 48 1.474281936678259
20 49 -1.0487384670971913
20 51 -0.8194064437677462
20 54 1.4051243535780287
20 55 -1.027180233642997
20 57 -0.9888298025888833
20 58 -0.9078582791007939
20 59 -0.7021797886610859
20 60 1.2811522392217676
20 62 -0.7803222203271084
20 63 -0.8358866218574891
20 64 1.0546439350391386
20 67 -0.8991451032186745
20 68 -0.8820726855994201
20 69 -0.5574736580701164
20 78 -0.9558004515842276
20 80 -0.9235624442774362
20 82 -0.9332547860134645
20 83 -0.6087976983899971
20 84 -0.8799838860368825
20 91 1.464596013010575
20 93 -0.97653988012492
20 94 -0.8086762002158929
20 99 -0.9600547485885146
76 4 -0.6246503267960716
76 5 -0.5271272952110538
76 8 -0.7364945243305795
76 9 -1.001634861386331
76 11 -0.39072389154399917
76 12 0.7731039985671597
76 14 -0.9932241861409156
76 15 -0.5970609300844133
76 18 -0.6485874649831022
76 19 -0.9916506183168012
76 22 -1.0524363941173638
76 23 -0.6558679881644737
76 24 0.5792032031977131
76 26 -0.7563976887968007
76 27 -0.7331709000255218
76 30 -0.2863771303963315
76 35 -0.5768045091894884
76 36 -0.4706661194419991
76 37 -0.29833785547699787
76 38 -1.0442156695595282
76 40 -0.34483144961130363
76 41 -0.5571531813865713
76 43 0.008975407954470752
76 44 -0.9920110481916318
76 46 -1.050268502587199
76 47 -1.0433083828688443
76 48 0.29951899041939023
76 49 -1.03317187386235
76 51 -0.7946341126964412
76 54 0.5688199968429257
76 55 -1.0350662409011409
76 57 -0.9701789271172359
76 58 -0.9771558300795936
76 59 -0.6832666117978983
76 60 0.6741535579511765
76 62 -0.749149853742528
76 63 -0.8888523983577485
76 64 0.5237324247223039
76 67 -0.8761419334990633
76 68 -0.9145046532203122
76 69 -0.58188974087627
76 78 -0.9954776969696313
76 80 -0.9706983692745783
76 82 -0.8602614829999866
76 83 -0.575526879761646
76 84 -0.8486646243749169
76 91 -0.06169412721899329
76 94 -0.8067701907894558
5 74 -0.7619762474766397
74 11 -0.5661369703083107
74 12 0.22547735789556625
74 15 -0.6565900590002708
74 18 -0.7278452035461576
74 22 -0.060232460931914825
74 24 0.038008876020519326
74 30 0.40680002432724083
74 35 -0.5937966277176014
74 36 -0.6339720548398782
74 37 -0.7249949801898771
74 40 -0.6820145713876469
74 43 0.06822192515603813
74 48 0.04003566096722322
74 54 0.01671759224205293
74 60 0.17934047996133048
74 64 0.553512596821166
74 69 -0.6954985065393425
74 83 -0.7292501083209351
74 91 0.5346532385362669
74 99 -1.0501373541934385
6 24 -1.5624754784075732
7 11 -0.7684743617092424
7 12 -0.5875640576242699
7 22 -1.0942402342848565
7 24 -0.4694372753749857
7 30 -0.6524385048827919
7 37 -0.9877265282098737
7 43 -0.7251227126340476
7 48 -0.16861730279921872
7 54 -0.39515499742893706
7 60 -0.5225086984847769
7 64 -0.3467160510373276
7 91 -0.3821608483045407
7 93 -1.0301505061077072
10 12 -1.6058248702586073
10 60 -1.6121375786494787
10 91 -1.555394276023301
25 91 -1.1166420650019846
48 77 -1.6452192852656409
77 54 -1.5955069452340551
77 64 -1.7851729055452947
