0 85 313.5678506281877
0 70 267.69161760936606
0 53 251.60246013097228
0 75 202.14741449336861
0 92 199.65125918899733
85 1 244.97216291518845
85 2 249.63110256172598
85 3 239.10488256559498
85 4 201.72324111226953
85 5 198.9327231808654
85 6 309.3345798168602
85 7 320.19113178605465
85 8 208.90491214467656
85 9 217.38655244705
85 10 318.4242677620202
85 11 187.9900973511506
85 13 242.94816423502826
85 14 215.626203184065
85 15 193.75966670562548
85 16 284.4148283039349
85 17 259.6701280975152
85 18 205.7387479329228
85 19 216.1884544461226
85 20 328.9842792999598
85 21 307.7972806130408
85 22 168.54245026171014
85 23 196.10967686753312
85 25 314.6179073505367
85 26 208.13477427260872
85 27 213.85993080296777
85 28 306.54589513441215
85 29 280.528040385769
85 30 164.73131304641717
85 31 253.04411230997485
85 32 281.7933634016954
85 33 297.89836903494137
85 34 244.5887242735222
85 35 190.39736267649275
85 36 191.44642442520743
85 37 183.1442868652787
85 38 224.41078097109698
85 39 302.1176879731487
85 40 192.8550104920006
85 41 201.80299131858345
85 42 280.9420669061152
85 43 163.61390923681398
85 44 223.07341811891476
85 45 274.60693953832157
85 46 247.5727495200028
85 47 219.93703825906383
85 49 224.8349055621786
85 50 252.5167260210386
85 51 203.1818257967188
85 52 307.1080918245118
85 55 237.43233143350918
85 56 319.6974556159112
85 57 215.1114922109112
85 58 213.00855968898708
85 59 203.78237139650344
85 61 312.35323624904345
85 62 207.4209369687053
85 63 208.29980610643537
85 65 256.03161555436475
85 66 315.35892051074194
85 67 224.2677111473163
85 68 220.3465337936829
85 69 194.2472448196243
85 71 304.0415913438097
85 72 309.2658328250887
85 74 321.16389295264275
85 76 322.5939428326325
85 77 318.7913726530236
85 78 217.94491340592913
85 79 267.0755975603483
85 80 214.305999909028
85 81 251.4820567858092
85 82 220.78168665015778
85 83 198.25621321043735
85 84 205.81445408361057
85 86 280.24305945634643
85 87 291.9102031886941
85 88 239.72151301397852
85 89 254.19570347992808
85 90 226.61017864397562
85 93 218.20891134864712
85 94 208.96358529916404
85 95 244.6740371063146
85 96 304.25530007199495
85 97 267.10938544670597
85 98 307.9209426294987
85 99 227.49133220594936
70 1 197.59757983750697
70 2 202.5979834075741
70 3 194.6744689794352
70 4 154.1477229233206
70 5 151.25852716852935
70 6 266.02912207704094
70 7 275.83114558657644
70 8 159.65830797522307
70 9 172.0675909069889
70 10 269.87384920337536
70 13 195.50828642917236
70 14 169.03721930670645
70 15 146.94697056275643
70 16 241.2698492052888
70 17 212.8529075067714
70 18 158.74896022227313
70 19 169.81247226997115
70 20 284.6147976740793
70 21 263.2541583617487
70 23 143.93350574185868
70 25 266.3188391253771
70 26 160.65494126315517
70 27 168.9667588444859
70 28 262.2864298379289
70 29 236.77204381527034
70 31 205.79346351441902
70 32 234.11869138844702
70 33 256.6912415089251
70 34 198.7521006776184
70 35 140.99235268142522
70 36 144.3622834779895
70 38 177.05706907665265
70 39 253.92534008588456
70 40 145.10917716964317
70 41 153.9687400122376
70 42 234.02248799237296
70 44 177.66839039765034
70 45 231.92695997948584
70 46 201.03860627618408
70 47 174.31655080499374
70 49 178.33991820758195
70 50 205.6345282647404
70 51 154.49454394086888
70 52 259.8136943451549
70 55 191.25779073750718
70 56 271.38263612415176
70 57 168.67395231010192
70 58 166.24914290779347
70 59 156.16640920173123
70 61 270.2640527546264
70 62 160.31312183310837
70 63 162.33645777493888
70 65 209.45964775565074
70 66 267.64659709293096
70 67 176.70261504949758
70 68 172.73097737496943
70 69 148.76798523910375
70 76 276.6259296149436
70 74 275.53196991530035
70 77 274.97154584905905
70 71 258.2784448080516
70 72 266.7438153223118
70 78 171.25896799198614
70 79 221.42144940862295
70 80 167.75325702414074
70 81 204.9108876114729
70 82 174.21554194337403
70 83 151.09086413928708
70 84 160.42406012757368
70 86 236.43060546083657
70 87 245.16630667588407
70 88 192.64246650532033
70 89 207.08220115255585
70 90 179.3927621030868
70 93 171.19585167445334
70 94 160.8753394435384
70 95 202.99274026797144
70 96 255.40890796916617
70 97 218.45553887727672
70 98 261.3879662649092
70 99 179.90199894122654
53 1 172.99001017421222
53 2 172.14381065575142
53 3 165.6799057708833
53 4 135.8550582350667
53 6 249.35977123628112
53 7 259.8217554863687
53 8 139.55789781415965
53 9 152.38417013170726
53 10 253.57780960681964
53 13 170.93834954757025
53 14 150.2952173530062
53 16 225.60874243980453
53 17 187.60923074094418
53 19 150.97656324023075
53 20 265.3042806433379
53 21 246.17584392240295
53 23 135.3531925082168
53 25 252.79610584193594
53 26 140.2532743434103
53 27 140.16944562185188
53 28 244.73904817887714
53 29 216.12727023236596
53 31 177.26006280370171
53 32 217.3691485109683
53 33 238.22767928722567
53 34 167.18216314378486
53 38 156.41049797377752
53 39 237.96092355380932
53 41 134.28694655844433
53 42 218.28512380928973
53 44 155.01635941284448
53 45 216.71328655076871
53 46 169.37648070839657
53 47 156.79453913881989
53 49 157.86471301796095
53 50 180.66316278243036
53 51 138.30698755579118
53 52 245.92501965920053
53 76 261.22105719871854
53 74 260.8028228175673
53 56 253.88075952733993
53 55 161.71497344349675
53 57 150.69005435524414
53 58 147.25194475406093
53 59 137.32658856146776
53 61 251.592426487377
53 62 139.7318703950154
53 63 143.13139481813653
53 65 184.7963918865303
53 66 251.19776525949874
53 67 151.86514379276056
53 68 146.34534198973293
53 71 240.95892230130488
53 72 246.77946618280475
53 77 252.41413266265306
53 78 151.06043492477832
53 79 203.70297720905353
53 80 148.992869200107
53 81 176.34077231800822
53 82 149.51760407874002
53 84 143.95706337557328
53 86 215.7226532195052
53 87 229.17419812434295
53 88 167.89480957536367
53 89 182.2710559675814
53 90 159.44724580755212
53 93 153.0942058659884
53 94 141.46702682251882
53 95 177.62641428368917
53 96 239.4190374940874
53 97 214.01959149089012
53 98 232.51205085720525
53 99 155.14475623473166
75 2 122.67798216953369
75 6 205.42911021885658
75 7 214.16803963973035
75 10 208.93054388452074
75 13 123.6844485880634
75 16 183.54405336020557
75 20 222.28860013051943
75 21 202.7864247092491
75 25 202.37671259269743
75 28 201.1241551913612
75 29 174.89652983737497
75 31 129.11413123192185
75 32 175.77252038722708
75 33 193.64535167273257
75 34 118.78288961741899
75 39 194.86868950783696
75 42 172.45229710915874
75 45 173.33711303998655
75 46 119.84711106417987
75 52 197.197127951097
75 56 208.0315221717954
75 61 208.35128122224666
75 66 207.8807354991455
75 71 198.53191107812071
75 72 204.0648025945188
75 74 218.01656459623734
75 76 216.6083529194999
75 77 208.66720526983278
75 79 159.21893719873307
75 81 127.45256617982632
75 86 175.9153148432248
75 87 185.631941131736
75 89 132.14825692234135
75 90 116.16492557179183
75 95 131.00871010376906
75 96 195.369515626079
75 97 166.90952437733887
75 98 185.9960708842795
92 1 124.69747256684288
92 2 122.23892770604245
92 10 208.80169388084917
92 13 124.12402119165043
92 17 138.21530190976938
92 20 222.00081916916602
92 21 202.12680870204244
92 28 200.42623145755343
92 31 129.4306733199418
92 34 116.66504712723234
92 39 194.0684275797553
92 42 171.6672623310069
92 50 132.62737817275524
92 52 197.0456842146519
92 61 207.21758670302162
92 65 136.20434627524372
92 66 205.8494946587936
92 71 198.0636178807999
92 72 203.38279230773813
92 74 217.8369523602575
92 76 215.66809646919435
92 79 158.1926581958333
92 81 126.96650040303287
92 86 175.6322950164589
92 88 120.17029144610646
92 90 116.80764180241884
92 7 213.63915545036724
92 96 194.92958403353816
92 97 165.98990667887986
92 98 185.05701033940773
1 73 125.6222136412213
73 6 205.49115652861968
73 7 214.31115724385617
73 16 183.80674198382835
73 17 138.12536688483175
73 29 175.68708235804127
73 32 175.77033396917088
73 33 193.7076098365403
73 45 172.75760936940821
73 50 133.47341528635954
73 56 208.07358983344167
73 65 136.4718420106096
73 20 221.37829005639935
73 74 217.46276785984432
73 76 214.69122807180003
73 77 209.30435003693108
73 87 185.26366831290284
73 88 120.23836029724104
73 89 132.92089701739226
73 95 130.81605289369506
3 20 118.59127021836866
3 76 118.2344861790591
20 4 135.35762554485913
20 5 138.6806698828461
20 8 132.1282730523819
20 9 121.61393374146142
20 11 153.4837191341798
20 12 201.28978348399914
20 14 119.77466668068037
20 15 147.39639583825175
20 18 139.0543905575795
20 19 124.50607076064252
20 22 166.32754039156566
20 23 136.49324866589208
20 24 174.2941336153488
20 26 134.0557993477185
20 27 139.04155279709263
20 30 172.1552835986984
20 35 145.3668863183054
20 36 143.55294789307916
20 37 165.83679098916048
20 38 119.6065358528272
20 40 147.9849770943638
20 41 136.85383814539884
20 43 169.92497497371178
20 44 123.69935538454385
20 47 116.64595415728049
20 48 201.68663828983068
20 49 115.22226131563659
20 51 126.78676607588775
20 54 200.77833964887344
20 55 120.11179033584902
20 57 120.65692154025413
20 58 123.98524364985829
20 59 135.18273399203164
20 60 206.98253546637403
20 62 132.9038271542757
20 63 129.16489333568504
20 64 200.08312425392378
20 67 133.92552124557486
20 68 128.12374640816827
20 69 139.4094109834559
20 78 122.4253843921792
20 80 124.84034643964222
20 82 130.026113246196
20 83 137.14217304234413
20 84 128.41715125104008
20 91 219.7606025972058
20 93 119.81452806089598
20 94 131.0490140835851
20 99 121.0903885282526
76 4 136.8958597849809
76 5 140.2505113022499
76 8 133.54229684376614
76 9 120.8911180752316
76 11 151.19009088800013
76 12 199.33486348794082
76 14 119.20823589528358
76 15 142.59808559224751
76 18 138.82558725682188
76 19 122.64835946317265
76 22 160.76372271922872
76 23 133.4722947169623
76 24 170.9036653348309
76 26 134.22713922745362
76 27 138.74108167930854
76 30 167.02587529740663
76 35 139.87722879577873
76 36 143.4601856114353
76 37 160.94420970370476
76 38 117.54901965009876
76 40 149.07790362134756
76 41 139.15037224743628
76 43 166.08836163792103
76 44 123.61731731538717
76 46 120.2557769564053
76 47 116.24626000958054
76 48 196.54456283225394
76 49 115.86352746006894
76 51 127.49012312519024
76 54 197.65112551930687
76 55 119.75906743806256
76 57 121.31012741447657
76 58 121.6612768076942
76 59 135.6795436161643
76 60 204.25605160512902
76 62 133.77973134616138
76 63 127.5846674288346
76 64 197.90691255298748
76 67 134.70241580533002
76 68 126.99188493923128
76 69 138.8780461737129
76 78 121.00099130000312
76 80 123.25871308890048
76 82 132.48031333548548
76 83 137.93976577964872
76 84 129.312897612922
76 91 213.5340902262618
76 94 131.10473928179516
5 74 134.67723745851995
74 11 148.45449917293723
74 12 196.79619334345918
74 15 141.41899695192103
74 18 136.7484660819886
74 22 163.8340370850175
74 24 168.70748609698205
74 30 168.80457199206302
74 35 139.5426309244258
74 36 140.28177503082128
74 37 156.51152178789414
74 40 142.74503506876627
74 43 166.21646727251203
74 48 195.40877380837009
74 54 195.5866349702251
74 60 202.03347697177347
74 64 198.02898178245053
74 69 136.40558977556861
74 83 134.2545985457585
74 91 215.9668938933919
74 99 117.41980048783478
6 24 162.21268315248253
7 11 145.29901900314022
7 12 193.0271218364996
7 22 160.6343632934912
7 24 166.64825774580197
7 30 166.0865596370397
7 37 153.7819131852154
7 43 164.50105980091834
7 48 194.49547526797022
7 54 194.0465093310037
7 60 198.88094877507984
7 64 194.33893536432223
7 91 212.22674377179615
7 93 117.82646132466328
10 12 188.30670078254903
10 60 193.98661267817624
10 91 207.4405289760974
25 91 198.8737488556594
48 77 188.03221488098777
77 54 189.5580027945994
77 64 188.44268603229298
